42,6
42,5
42,4
42,2
42,1
42,0
40,2
40,1
40,0
39,4
39,2
39,1
39,0
37,4
37,2
37,1
37,0
11,3
11,2
11,1
11,0
5,3
5,2
5,1
42,7
5,0
42,3
4,3
4,2
4,1
4,0
40,3
3,6
3,5
3,4
3,3
3,2
3,1
3,0
2,3
2,2
2,1
39,3
2,0
1,3
1,2
1,1
1,0
0,408
0,322
0,243
0,1
0,0
37,3
0,9
0,310
0,305
0,308
0,304
0,303
0,302
0,307
0,12
0,10
0,8
0,435
0,300
0,401
0,299
0,348
0,298
0,329
0,297
0,412
0,296
0,373
0,295
0,411
0,294
0,385
0,293
0,409
0,292
0,351
0,291
0,319
0,290
0,326
0,289
0,345
0,288
0,352
0,287
0,444
0,286
0,371
0,285
0,301
0,284
0,342
0,283
0,402
0,282
0,339
0,281
0,431
0,280
0,400
0,279
0,278
0,446
0,277
0,398
0,276
0,397
0,275
0,396
0,274
0,429
0,273
0,395
0,272
0,394
0,271
0,318
0,270
0,392
0,269
0,391
0,268
0,387
0,267
0,428
0,266
0,313
0,265
0,388
0,264
0,349
0,263
0,386
0,262
0,437
0,261
0,384
0,260
0,436
0,259
0,382
0,258
0,315
0,257
0,380
0,256
0,314
0,255
0,316
0,254
0,336
0,253
0,405
0,252
0,439
0,251
0,312
0,250
0,375
0,249
0,372
0,248
0,447
0,247
0,403
0,246
0,433
0,245
0,335
0,244
0,366
0,242
0,362
0,241
0,365
0,240
0,377
0,239
0,311
0,238
0,425
0,237
0,334
0,236
0,381
0,235
0,354
0,234
0,361
0,233
0,309
0,232
0,379
0,231
0,441
0,230
0,357
0,229
0,356
0,228
0,364
0,227
0,393
0,226
0,376
0,225
0,330
0,224
0,416
0,223
0,350
0,222
0,320
0,221
0,337
0,220
0,363
0,219
0,374
0,218
0,406
0,217
0,422
0,216
0,404
0,215
0,368
0,214
0,344
0,213
0,389
0,212
0,343
0,211
0,210
0,419
0,209
0,208
0,417
0,207
0,369
0,206
0,390
0,205
0,367
0,204
0,340
0,203
0,443
0,202
0,333
0,201
0,347
0,200
0,410
0,199
0,358
0,198
0,353
0,197
0,424
0,196
0,195
0,438
0,194
0,415
0,193
0,430
0,192
0,360
0,63
0,445
0,62
0,355
0,61
0,346
0,60
0,324
0,59
0,440
0,58
0,321
0,57
0,332
0,56
0,370
0,55
0,383
0,54
0,317
0,53
0,359
0,52
0,338
0,51
0,442
0,50
0,331
0,49
0,327
0,48
0,414
0,47
0,325
0,46
0,45
0,323
0,6
0,5
0,11
0,4
0,2
0,3
0,7
